$ANSIBLE_VAULT;1.1;AES256
30313664663163383838326461346438633539323338316235616332306632376333643037323932
6136633230653733663933303863323631316638373465350a366537383432373233353035343330
61636464316163376231646263393065666632366139346535356265333064613166393661366362
3362386630343064370a646538633838616437636662353339323665326263336162633065373065
36313532663366626266656334646466356233393537386663383130386334333535616464393136
33333262646263626337303238356663646264613165633432343861633236653232373561356532
61363133643466336531633862326639656637373233313061623730346336323065343061633064
30333563366464653131316266653164333061363664366133323136393535396132336533333038
66643765356638653964353234353335386330323261323736376332353765393738353437353031
61323638636235393832663266333461343663356661326331373934353836393361356430313831
32373561653833326539646235656161643366323638636366316163323464366565663635633830
62303434643732383038366434326262353261393332376532633033666237373638313236316238
62653336616634643766636337393764346631336239313635646564636136323965383836353937
33343161343637633233343462616366613366633830366537656234346330383639336664343434
30636536656335336663613133363636366261366338613537633863303137363035373761323430
61646536393833633431306262366430376434373233643035363531623831663237383962656663
63383861316338376161386236663539396664346634363665356261643530316463623862653530
62306539346434386262306461666165636362356136396631656464373630656464346465306338
30666661363435656261343237376366376661313266316438626434393563323962333062633031
39393464626635346561333863303433616464306661393766636639306666626235336330633538
36653738383764353539613039633866303164383239333233383630356634363234383235336236
65393330323566353765386466626264353930353733396133383539343234383965396438353161
30306665643734663863646337636261346530623964366666653732396464396434393063666537
61306166306265653136623664313437363764643132353564346634323364636266643663376561
35633133303563396336393632623366636566666664393239626234616235613261323334323532
3566326334383363323162306138376164616232303732663964
